Protocol:	ifng elisa 17.05.2013 21:30:04
Plate format:	96 Wells

Absorbances     Filter 1: 450nm

	1	2	3	4	5	6	7	8	9	10	11	12
A	0.063	0.117	0.068	0.067	0.063	0.074	0.062	0.097	0.072	0.072	0.071	0.059
B	0.064	0.129	0.147	0.373	0.202	0.977	0.357	0.431	0.768	0.512	0.074	0.062
C	0.811	0.082	0.140	0.184	0.169	0.432	0.395	0.394	0.583	0.376	0.058	0.062
D	0.802	0.077	0.064	0.057	0.058	0.058	0.061	0.054	0.059	0.053	0.055	0.057
E	0.379	0.057	0.057	0.058	0.179	0.187	0.164	0.146	0.091	0.087	0.062	0.056
F	0.373	0.057	0.060	0.055	0.085	0.085	0.065	0.064	0.060	0.062	0.053	0.059
G	0.204	1.813	0.067	0.061	0.127	0.128	0.096	0.098	0.069	0.062	0.064	0.059
H	0.206	1.802	0.066	0.065	0.266	0.275	0.173	0.193	0.086	0.081	0.063	0.062

Protocol:	ifng elisa 17.05.2013 21:30:44
Plate format:	96 Wells

Absorbances     Filter 1: 450nm

	1	2	3	4	5	6	7	8	9	10	11	12
A	0.060	0.127	0.066	0.062	0.064	0.062	0.064	0.063	0.071	0.062	0.065	0.059
B	0.060	0.123	0.074	0.075	1.166	1.111	1.000	0.968	0.460	0.520	0.083	0.093
C	1.025	0.084	0.071	0.068	0.396	0.348	0.203	0.197	0.103	0.092	0.071	0.068
D	1.071	0.081	0.086	0.086	0.877	0.836	0.508	0.533	0.151	0.160	0.081	0.085
E	0.458	0.061	0.182	0.168	1.869	1.841	1.227	1.388	0.405	0.404	0.158	0.146
F	0.450	0.058	0.071	0.065	0.078	0.078	0.065	0.075	0.068	0.066	0.068	0.061
G	0.223	2.046	0.072	0.070	0.071	0.078	0.071	0.070	0.072	0.068	0.066	0.064
H	0.244	2.138	0.061	0.062	0.065	0.061	0.067	0.067	0.081	0.066	0.067	0.062

Protocol:	ifng elisa 17.05.2013 21:31:18
Plate format:	96 Wells

Absorbances     Filter 1: 450nm

	1	2	3	4	5	6	7	8	9	10	11	12
A	0.082	0.077	0.055	0.096	0.108	0.078	0.073	0.075	0.071	0.073	0.099	0.128
B	0.552	0.210	0.073	0.948	0.250	0.178	0.265	0.525	0.133	0.128	0.854	0.758
C	0.134	0.113	0.062	0.152	0.152	0.093	0.077	0.080	0.082	0.070	0.104	0.151
D	0.078	0.112	0.072	0.121	0.077	0.072	0.087	0.103	0.102	0.112	0.085	0.109
E	0.302	0.584	0.545	0.787	0.709	0.345	0.322	0.353	1.535	0.183	0.521	0.263
F	0.104	0.185	0.122	0.214	0.103	0.084	0.098	0.115	0.273	0.135	0.109	0.160
G	0.340	0.066	0.090	0.088	0.061	0.063	0.062	0.058	0.064	0.064	0.063	0.057
H	1.994	0.098	0.364	0.351	0.061	0.062	0.082	0.074	0.064	0.059	0.064	0.059

