Protocol:	ifng elisa 17.05.2013 21:31:18
Plate format:	96 Wells

Absorbances     Filter 1: 450nm

	1	2	3	4	5	6	7	8	9	10	11	12
A	0.082	0.077	0.055	0.096	0.108	0.078	0.073	0.075	0.071	0.073	0.099	0.128
B	0.552	0.210	0.073	0.948	0.250	0.178	0.265	0.525	0.133	0.128	0.854	0.758
C	0.134	0.113	0.062	0.152	0.152	0.093	0.077	0.080	0.082	0.070	0.104	0.151
D	0.078	0.112	0.072	0.121	0.077	0.072	0.087	0.103	0.102	0.112	0.085	0.109
E	0.302	0.584	0.545	0.787	0.709	0.345	0.322	0.353	1.535	0.183	0.521	0.263
F	0.104	0.185	0.122	0.214	0.103	0.084	0.098	0.115	0.273	0.135	0.109	0.160
G	0.340	0.066	0.090	0.088	0.061	0.063	0.062	0.058	0.064	0.064	0.063	0.057
H	1.994	0.098	0.364	0.351	0.061	0.062	0.082	0.074	0.064	0.059	0.064	0.059

