Protocol:	ifng elisa 17.05.2013 21:30:04
Plate format:	96 Wells

Absorbances     Filter 1: 450nm

	1	2	3	4	5	6	7	8	9	10	11	12
A	0.063	0.117	0.068	0.067	0.063	0.074	0.062	0.097	0.072	0.072	0.071	0.059
B	0.064	0.129	0.147	0.373	0.202	0.977	0.357	0.431	0.768	0.512	0.074	0.062
C	0.811	0.082	0.140	0.184	0.169	0.432	0.395	0.394	0.583	0.376	0.058	0.062
D	0.802	0.077	0.064	0.057	0.058	0.058	0.061	0.054	0.059	0.053	0.055	0.057
E	0.379	0.057	0.057	0.058	0.179	0.187	0.164	0.146	0.091	0.087	0.062	0.056
F	0.373	0.057	0.060	0.055	0.085	0.085	0.065	0.064	0.060	0.062	0.053	0.059
G	0.204	1.813	0.067	0.061	0.127	0.128	0.096	0.098	0.069	0.062	0.064	0.059
H	0.206	1.802	0.066	0.065	0.266	0.275	0.173	0.193	0.086	0.081	0.063	0.062

