Protocol:	ifng elisa 17.05.2013 21:30:44
Plate format:	96 Wells

Absorbances     Filter 1: 450nm

	1	2	3	4	5	6	7	8	9	10	11	12
A	0.060	0.127	0.066	0.062	0.064	0.062	0.064	0.063	0.071	0.062	0.065	0.059
B	0.060	0.123	0.074	0.075	1.166	1.111	1.000	0.968	0.460	0.520	0.083	0.093
C	1.025	0.084	0.071	0.068	0.396	0.348	0.203	0.197	0.103	0.092	0.071	0.068
D	1.071	0.081	0.086	0.086	0.877	0.836	0.508	0.533	0.151	0.160	0.081	0.085
E	0.458	0.061	0.182	0.168	1.869	1.841	1.227	1.388	0.405	0.404	0.158	0.146
F	0.450	0.058	0.071	0.065	0.078	0.078	0.065	0.075	0.068	0.066	0.068	0.061
G	0.223	2.046	0.072	0.070	0.071	0.078	0.071	0.070	0.072	0.068	0.066	0.064
H	0.244	2.138	0.061	0.062	0.065	0.061	0.067	0.067	0.081	0.066	0.067	0.062

